1.5835565288377797e-5	1.6334941166847836e-5	-0.00782560754326493	-0.01071266381312496	0.0075043960109625486	0.0037148807553880874	-0.0002377918508650826	-0.003868675882822952	-0.006624550550818869	-0.008447213399230099	-0.010161426432060507	-0.010729675475674926	-0.010880191832671674	-0.010766788084986377	-0.010609374327582268	-0.009962438712711628	-0.009743899610660207	-0.007197700594663946	-0.0008179845752665938	-0.0006969882629988651	-0.00011157879854309831	0.00011650084353491988	0.00020147900472973138	0.0002153164560229706
2.2348008053116164e-5	2.4913971678178494e-5	-0.007996375095458643	-0.012202467428367067	0.006056793220961577	0.001121180523522599	-0.003449056387724717	-0.00731579425886089	-0.00926876905103905	-0.00918923942547092	-0.008475788290475414	-0.007547762450014625	-0.00636012688658006	-0.004779869241552331	-0.004176801168876075	-0.00468456489683173	-0.006077814952320758	-0.008526365442421129	-0.008583271805330483	-0.0010697739794372453	-0.0009390417935693606	9.015402706739115e-5	0.0003766627798675846	0.0003357040862133189
2.633787943798394e-5	-0.005247690836305536	-0.0097010334303801	0.007953603612574129	0.0017845250754620484	-0.005369355408316605	-0.010281462152572363	-0.012028069620220736	-0.011060290688249996	-0.008595742213423697	-0.006524954484974175	-0.004094604493782218	-0.0022117119914504086	-0.0013767852643095263	-0.0010106778044993092	-0.0009089950722212046	-0.0012565645250809001	-0.0030110164804049546	-0.0067869529871802305	-0.00991243437862379	-0.0010887116382083957	-0.0009259614012155011	0.0003364506656997875	0.0004577987561212032
2.6364440277907526e-5	-0.007325578638946427	-0.013816679229485554	0.002569241425869407	-0.006354133586117841	-0.013478863179287861	-0.017055466465946193	-0.01291144718423212	-0.0016120803227078582	-0.001249918376632654	-0.0006042042598857674	-0.000705217080211441	-0.00040852711349060613	-0.0003255954269602392	-0.00012097580543238511	-3.469364181950528e-5	0.00012524104686482398	-0.00026715022206497905	-0.0019057425631480859	-0.006738931169962411	-0.010640488870491512	-0.0018192336417974838	-0.0006307279029267574	0.0005116695671730981
3.106432400829109e-5	-0.011207100263035678	0.0051689649733843625	-0.006472771155310495	-0.015802279783996887	-0.01744980359366118	-0.004032311709780047	-0.002699702062324236	-0.0009203057613777771	-0.0003115223401272295	-0.00042367623636455364	-0.0004037636893925277	-0.0002226183438847029	0.00010362132171912788	5.657386444393645e-5	-6.188193481512548e-5	-3.6317507262722825e-5	0.0005014196207550222	0.00029401881512867604	-0.0022451945455629293	-0.009770738658823531	-0.01183023712190202	-0.00217179920615266	-4.565636017589453e-5
-0.007414218155654964	0.008917684405580828	-0.003406730741476333	-0.017010134688141613	-0.002299429252927738	-0.004199364952694225	-0.0008116093328439928	-5.648453776969072e-5	-0.00022748220695742043	-0.0004718926357925984	-0.0005137249703580625	-9.21190125011749e-5	0.0001601498153127462	5.2791038577854896e-5	7.910802027353134e-5	0.00025553930474441806	-9.083145494768926e-5	-0.0013562675582671105	-0.004423594934428118	0.0011764090943693233	-0.004653386219519103	-0.01492815769059585	-0.0032055229021766968	-0.0018157846101283669
-0.011294796752994241	0.0028013712716844423	-0.013454367855632178	-0.018069080554409943	-0.0034243596171202977	-0.00018741516116181888	-4.884825996917338e-6	-0.00012451083723399195	-0.0004365616466711436	-0.0006657645084726394	-0.0006075697485058577	-0.0004976454546241911	-0.0006033106063120413	-0.0005445797483729364	-0.00046097597314753144	-0.00018306832779451426	7.978631158197299e-5	0.00014414403999546982	-0.000873276597922838	-0.0053267116844955996	0.0011158241283559984	-0.01051204318063229	-0.018520379125349765	-0.0038736531808026774
-0.015396327163386696	-0.004626525000120841	-0.020574370444177367	-0.004654654318103923	-0.00022717774796354357	-1.0624110004127867e-5	-1.927280097639023e-5	-0.00030245317338122463	-0.0006125707690697	-0.0007811599841716468	-0.00026465163852652134	-0.0003429441387492855	-0.000347264393432389	-0.00022721648726162046	-0.00017587853282000063	-3.084655317342316e-5	-5.6224461293288916e-5	0.00010590572378390836	6.95473418229416e-5	-0.0013711037291724295	-0.008559388514811587	-0.0031155113191909663	-0.020952545700693426	-0.0048325609139285245
0.006543588605761142	-0.013513649824479496	-0.0020055154204050934	-0.001655558531209153	1.936576634907326e-5	-1.1922092356028021e-5	-9.401735836562016e-5	-0.0004735945128579536	-0.0008378824412381423	-0.0003661446941068964	-0.00019009456292841477	-0.0002228649081203911	-0.00023979438705531682	-4.315167252994941e-5	9.132519643103165e-5	-0.0001124907877679549	0.00010571816575114025	0.00012854877040137085	0.00026713524151353383	0.0002672944823565038	-0.003927117954542422	0.0031219199732161708	-0.016176723149594965	-0.00321328526502694
0.0018477254526407688	-0.020255750832535217	-0.00418331750706144	-6.800635440229715e-5	5.930116057258799e-6	-5.380916116068118e-5	-0.00018901694681020795	-0.0005526823061749202	-0.0008448488406471927	-5.322155114491314e-6	-0.0001575701743530154	-0.00018355400426809475	-0.0004865349741439579	-0.00014302781314985496	-0.0001135607418539072	-0.00017594497096398904	0.00021463735051175235	0.00011973664414240141	0.0002119540455757131	0.0002399990048717123	0.00021236750263825142	-0.012547655183764035	-0.00997373001813294	-0.02629743760400343
-0.0024230260399148783	-0.025295277039175272	-0.003639224936913256	4.107188423551061e-5	-2.0284280491715016e-5	-9.960027166788308e-5	-0.00026864432451936614	-0.0006507969218947969	-0.000769884923376294	-0.00015080351687464364	-0.0005675132034370138	-7.486763803657565e-5	0.001174393211348885	0.00024130074024812664	2.6206247356392028e-5	0.0003228859164311992	0.0004762180936557489	2.109361047075358e-5	7.545802230459976e-5	0.00014910454255250252	0.00016356258904949046	-0.009947355266854054	-0.005022223056560332	-0.02925638349562652
-0.005464283620832959	-0.028973001803581675	-0.0031997928252939386	-3.967105370632994e-6	-2.7197714565526647e-5	-0.00012646529399253694	-0.0003209786762952684	-0.0006925345818655581	-0.0006636951126045947	7.817490494398811e-5	0.00040630309166217926	-0.00020421383586557336	-0.00015333878197387616	-7.683961954547397e-5	0.00015521735662060756	0.0006675711980676486	0.0010719181455523042	0.00013499689612323485	4.956800657419146e-5	0.00012992500056049002	0.0002093390125118496	-0.0074443259052614525	-0.0023077405997747272	-0.029442550175233326
-0.0036771498222977635	-0.029899797509614644	-0.0035369381371634697	4.429769935521388e-5	-2.5284108997150868e-5	-0.00014191046146672624	-0.00034864542649892225	-0.0006757660423556787	-0.0003744819438222951	0.000620577577674457	0.00017927401067802112	-0.00019545557772419347	-0.00014942270311460784	-1.6741789790275827e-5	-0.00010266996356732244	0.00021394428062516138	0.00016051484756543727	0.00022652786226883494	0.00014827896065163285	0.00013185476127228207	0.00012266734559439552	-0.008262028991945369	-0.00017493463080516582	-0.029520641486891337
-0.0015567073456676066	-0.026913754336354834	-0.004069541573643821	1.4982206412680645e-5	-4.078507677834623e-5	-0.00012683152709506754	-0.00032618514951467326	-0.0005816837097504698	-0.000402341967234529	1.0599160712321818	-0.0004473110757798566	-0.0007318730441088615	-0.0007205865744427034	0.00014079905048905992	0.00012659352134940683	0.0003446828512065618	5.0815928938871586e-5	0.0001518427262283798	0.00015195129162312967	0.00010982916941597979	0.00012979445674858323	-0.007736353157332788	-0.0026028342091012355	-0.02943593384362533
0.0016787171847127986	-0.022338621982572224	-0.005028424211227742	3.285809234783108e-5	-4.560291614698558e-5	-0.00011351912310668909	-0.00026320070451842786	-0.00046231095706834174	-0.0002629361193008739	0.001149318024781887	-0.0013628425757518218	-0.0007000283738106638	0.00041634271506062475	0.0002911381028900216	0.000385028117404923	0.00015806420629352165	3.270564723237496e-5	0.00022304757940400406	0.00017237133986500327	0.00018296590457064085	0.00015764620086307953	-0.008596335905849458	-0.006811356089375227	-0.02767791078170066
0.004278630708503077	-0.014775421409040526	-0.004365659182353492	-0.0007396461220765114	-5.0066989328930503e-5	-9.627420578076394e-5	-0.00018340576936893424	-0.0003258158780540959	-0.00017413322747982494	0.000319375273019357	0.0011236390961845645	0.0009345801737465496	0.0005323410140629257	0.0005607858655885382	0.0005696912879048524	0.00044761309463250276	0.0003338058581655697	0.0002381533346841232	0.00016574326687959372	0.0002579387939935211	0.00022272645970321155	0.004087753212934834	-0.011822095095051643	-0.02203089363318054
0.0064202117753112495	-0.006878420809205245	-0.02279513124681235	-0.004025012420077781	-5.3937776269067556e-5	-0.00010744434411881562	-0.00012052778292234281	-0.0002138932532564011	-0.00016551906499654744	-1.2707918385397552e-5	0.00022511841175166484	0.0008184088601739112	0.0007333886933199392	0.0004685510284957155	0.0002679726794262944	0.00032617065670455925	5.385396435940525e-5	0.00019836258574837382	0.0001868057975159855	0.000248156733508032	-0.0033985994512564827	0.00010254322034312001	-0.01724967333552869	-0.005307324133394134
-0.011008242117576028	0.0004994181510426202	-0.016219355791617637	-0.0036628037604204897	-0.0019474412148481935	-9.697978765654922e-5	-8.74572799976701e-5	-0.00013672979447259493	-7.956585285722351e-5	-1.0459340164555084e-5	2.0850945724426746e-6	0.0001554467855161405	7.010525353712483e-5	9.032705532499426e-5	0.00012113492705494013	-3.574151220028712e-5	-0.0002538445466093194	0.00016049519196556535	0.0001484903064643657	-0.00136797659334548	0.0027735338733638044	-0.006403199481078856	-0.018506513848471896	-0.005178606884626664
-0.00870551850801536	0.0045306904509613425	-0.006228086384015926	-0.020702774477689874	-0.0045043011563511304	-0.0015007672144137427	-0.00010377233646664272	-0.00010722547042636921	-0.00010287067468471662	-6.896765044327664e-5	-4.0418073432521536e-5	2.5083701529065708e-5	-1.0767255675946491e-5	-1.6016125587841325e-5	-0.002258023507741656	-0.0010585271061970074	-0.0019326026241253303	-0.001152771440459654	-0.0016156625445903875	0.002858702333096007	-0.0021336737789483386	-0.012935286715319294	-0.0030763923715562357	-0.0030853699444753227
-0.007207940062070917	-0.011831631712639245	0.0014864286658629394	-0.009864514918711662	-0.02182309155331569	-0.0036817895644241654	-0.002273730997799076	-0.00040803731613621593	-0.00013536915463205319	-8.238224474617664e-5	-3.4370191652523866e-5	-5.368389570738855e-5	-0.00020384087918275804	-0.004649580796031896	-0.007843130331033614	-0.0007225602544348637	0.0022823173064432864	0.002696613156428377	0.0018532993068016129	-0.001454132757616419	-0.009528946639670166	-0.01411834404495182	-0.0033515890430865667	-0.001155945497874186
-0.006474070144690479	-0.010121588344034328	0.004726374087208554	-0.0005160136125840558	-0.010487922683450588	-0.019875218382467898	-0.019258123717399475	-0.0028867369363496445	-0.00198317550520007	-0.0015553730064537692	-0.001200201083467032	-0.0011546253212197774	-0.011015156368201991	-0.012337398623905517	-0.006856413406015421	-0.0009980496530004005	0.0005776184330064448	2.8969430188737856e-5	-0.0026732389842375344	-0.008651883665790224	-0.013436016254232254	-0.002590985736286599	-0.002098180443099735	-0.00013066514551225082
-0.005544921399333768	-0.008898672302920409	-0.012491725472749012	0.003309701286005612	-0.001251946369105639	-0.008441410143747798	-0.01545039575988423	-0.018725893536184528	-0.018907991182904794	-0.01706339253718848	-0.01591866381236726	-0.015581643192190511	-0.01583712711797921	-0.010143543991068031	-0.0048710572673722995	-0.0025607640742974463	-0.002273712805590555	-0.004800383316930621	-0.009127617069171805	-0.011395180815051635	-0.0018930913331713407	-0.00247944094953842	-0.0007439007024775893	-0.00016410340731812232
-0.003860674112953792	-0.00801090328964099	-0.011027244103141385	-0.013588874719942341	0.0021524738033027457	-0.001571130744363174	-0.006074712881454938	-0.009802757440279915	-0.012195519871033506	-0.012952984865535781	-0.01268503470663533	-0.01200258159536612	-0.00958339748113519	-0.006684327282527792	-0.00547936671053874	-0.005662710930062963	-0.007400220719709792	-0.01012066583428214	-0.010565173364033557	-0.001666526030944429	-0.002286899346110204	-0.0010412878280641501	-0.00015556760135709933	0.00014198883494197774
-0.005327634167495175	-0.005958368972715132	-0.010022966641798074	-0.012505727890462908	0.0037398188573696776	0.000864203325392132	-0.0016599202615027104	-0.004456149588021839	-0.006389004889671144	-0.007801593454949582	-0.008320567426228193	-0.007786509575177121	-0.007194605904124046	-0.0070038225053211094	-0.007316207627962789	-0.00781592648799146	-0.009080839826558839	-0.00900867646541942	-0.0015473619387259341	-0.0020091393873554984	-0.0011489237483861617	-0.00013714976186813844	0.0001901984714371089	0.00037798838936934346
